6.117
10.893
16.624
21.442
18.522
9.534
5.825
4.112
2.157
1.481
1.880
3.461
6.117
10.893
16.624
21.442
18.522
9.534
5.825
4.112
2.157
1.481
1.880
3.461
6.117
10.893
16.624
21.442
18.522
9.534
5.825
4.112
2.157
1.481
1.880
3.461
6.117
10.893
16.624
21.442
18.522
9.534
5.825
4.112
2.157
1.481
1.880
3.461
6.117
10.893
16.624
21.442
18.522
9.534
5.825
4.112
2.157
1.481
1.880
3.461
6.117
10.893
16.624
21.442
18.522
9.534
5.825
4.112
2.157
1.481
1.880
3.461
6.117
10.893
16.624
21.442
18.522
9.534
5.825
4.112
2.157
1.481
1.880
3.461
6.117
10.893
16.624
21.442
18.522
9.534
5.825
4.112
2.157
1.481
1.880
3.461
6.117
10.893
16.624
21.442
18.522
9.534
5.825
4.112
2.157
1.481
1.880
3.461
6.117
10.893
16.624
21.442
18.522
9.534
5.825
4.112
2.157
1.481
1.880
3.461
6.117
10.893
16.624
21.442
18.522
9.534
5.825
4.112
2.157
1.481
1.880
3.461
6.117
10.893
16.624
21.442
18.522
9.534
5.825
4.112
2.157
1.481
1.880
3.461
6.117
10.893
16.624
21.442
18.522
9.534
5.825
4.112
2.157
1.481
1.880
3.461
6.117
10.893
16.624
21.442
18.522
9.534
5.825
4.112
2.157
1.481
1.880
3.461
6.117
10.893
16.624
21.442
18.522
9.534
5.825
4.112
2.157
1.481
1.880
3.461
6.117
10.893
16.624
21.442
18.522
9.534
5.825
4.112
2.157
1.481
1.880
3.461
6.117
10.893
16.624
21.442
18.522
9.534
5.825
4.112
2.157
1.481
1.880
3.461
6.117
10.893
16.624
21.442
18.522
9.534
5.825
4.112
2.157
1.481
1.880
3.461
6.117
10.893
16.624
21.442
18.522
9.534
5.825
4.112
2.157
1.481
1.880
3.461
6.117
10.893
16.624
21.442
18.522
9.534
5.825
4.112
2.157
1.481
1.880
3.461
6.117
10.893
16.624
21.442
18.522
9.534
5.825
4.112
2.157
1.481
1.880
3.461
6.117
10.893
16.624
21.442
18.522
9.534
5.825
4.112
2.157
1.481
1.880
3.461
6.117
10.893
16.624
21.442
18.522
9.534
5.825
4.112
2.157
1.481
1.880
3.461
6.117
10.893
16.624
21.442
18.522
9.534
5.825
4.112
2.157
1.481
1.880
3.461
6.117
10.893
16.624
21.442
18.522
9.534
5.825
4.112
2.157
1.481
1.880
3.461
6.117
10.893
16.624
21.442
18.522
9.534
5.825
4.112
2.157
1.481
1.880
3.461
6.117
10.893
16.624
21.442
18.522
9.534
5.825
4.112
2.157
1.481
1.880
3.461
6.117
10.893
16.624
21.442
18.522
9.534
5.825
4.112
2.157
1.481
1.880
3.461
6.117
10.893
16.624
21.442
18.522
9.534
5.825
4.112
2.157
1.481
1.880
3.461
6.117
10.893
16.624
21.442
18.522
9.534
5.825
4.112
2.157
1.481
1.880
3.461
