5.373
9.409
14.832
20.165
20.772
17.177
16.998
13.441
5.918
2.708
2.325
3.309
5.373
9.409
14.832
20.165
20.772
17.177
16.998
13.441
5.918
2.708
2.325
3.309
5.373
9.409
14.832
20.165
20.772
17.177
16.998
13.441
5.918
2.708
2.325
3.309
5.373
9.409
14.832
20.165
20.772
17.177
16.998
13.441
5.918
2.708
2.325
3.309
5.373
9.409
14.832
20.165
20.772
17.177
16.998
13.441
5.918
2.708
2.325
3.309
5.373
9.409
14.832
20.165
20.772
17.177
16.998
13.441
5.918
2.708
2.325
3.309
5.373
9.409
14.832
20.165
20.772
17.177
16.998
13.441
5.918
2.708
2.325
3.309
5.373
9.409
14.832
20.165
20.772
17.177
16.998
13.441
5.918
2.708
2.325
3.309
5.373
9.409
14.832
20.165
20.772
17.177
16.998
13.441
5.918
2.708
2.325
3.309
5.373
9.409
14.832
20.165
20.772
17.177
16.998
13.441
5.918
2.708
2.325
3.309
5.373
9.409
14.832
20.165
20.772
17.177
16.998
13.441
5.918
2.708
2.325
3.309
5.373
9.409
14.832
20.165
20.772
17.177
16.998
13.441
5.918
2.708
2.325
3.309
5.373
9.409
14.832
20.165
20.772
17.177
16.998
13.441
5.918
2.708
2.325
3.309
5.373
9.409
14.832
20.165
20.772
17.177
16.998
13.441
5.918
2.708
2.325
3.309
5.373
9.409
14.832
20.165
20.772
17.177
16.998
13.441
5.918
2.708
2.325
3.309
5.373
9.409
14.832
20.165
20.772
17.177
16.998
13.441
5.918
2.708
2.325
3.309
5.373
9.409
14.832
20.165
20.772
17.177
16.998
13.441
5.918
2.708
2.325
3.309
5.373
9.409
14.832
20.165
20.772
17.177
16.998
13.441
5.918
2.708
2.325
3.309
5.373
9.409
14.832
20.165
20.772
17.177
16.998
13.441
5.918
2.708
2.325
3.309
5.373
9.409
14.832
20.165
20.772
17.177
16.998
13.441
5.918
2.708
2.325
3.309
5.373
9.409
14.832
20.165
20.772
17.177
16.998
13.441
5.918
2.708
2.325
3.309
5.373
9.409
14.832
20.165
20.772
17.177
16.998
13.441
5.918
2.708
2.325
3.309
5.373
9.409
14.832
20.165
20.772
17.177
16.998
13.441
5.918
2.708
2.325
3.309
5.373
9.409
14.832
20.165
20.772
17.177
16.998
13.441
5.918
2.708
2.325
3.309
5.373
9.409
14.832
20.165
20.772
17.177
16.998
13.441
5.918
2.708
2.325
3.309
5.373
9.409
14.832
20.165
20.772
17.177
16.998
13.441
5.918
2.708
2.325
3.309
5.373
9.409
14.832
20.165
20.772
17.177
16.998
13.441
5.918
2.708
2.325
3.309
5.373
9.409
14.832
20.165
20.772
17.177
16.998
13.441
5.918
2.708
2.325
3.309
5.373
9.409
14.832
20.165
20.772
17.177
16.998
13.441
5.918
2.708
2.325
3.309
5.373
9.409
14.832
20.165
20.772
17.177
16.998
13.441
5.918
2.708
2.325
3.309
