2.650
4.530
7.474
10.869
13.367
14.577
16.625
13.447
5.710
2.311
1.615
1.818
2.650
4.530
7.474
10.869
13.367
14.577
16.625
13.447
5.710
2.311
1.615
1.818
2.650
4.530
7.474
10.869
13.367
14.577
16.625
13.447
5.710
2.311
1.615
1.818
2.650
4.530
7.474
10.869
13.367
14.577
16.625
13.447
5.710
2.311
1.615
1.818
2.650
4.530
7.474
10.869
13.367
14.577
16.625
13.447
5.710
2.311
1.615
1.818
2.650
4.530
7.474
10.869
13.367
14.577
16.625
13.447
5.710
2.311
1.615
1.818
2.650
4.530
7.474
10.869
13.367
14.577
16.625
13.447
5.710
2.311
1.615
1.818
2.650
4.530
7.474
10.869
13.367
14.577
16.625
13.447
5.710
2.311
1.615
1.818
2.650
4.530
7.474
10.869
13.367
14.577
16.625
13.447
5.710
2.311
1.615
1.818
2.650
4.530
7.474
10.869
13.367
14.577
16.625
13.447
5.710
2.311
1.615
1.818
2.650
4.530
7.474
10.869
13.367
14.577
16.625
13.447
5.710
2.311
1.615
1.818
2.650
4.530
7.474
10.869
13.367
14.577
16.625
13.447
5.710
2.311
1.615
1.818
2.650
4.530
7.474
10.869
13.367
14.577
16.625
13.447
5.710
2.311
1.615
1.818
2.650
4.530
7.474
10.869
13.367
14.577
16.625
13.447
5.710
2.311
1.615
1.818
2.650
4.530
7.474
10.869
13.367
14.577
16.625
13.447
5.710
2.311
1.615
1.818
2.650
4.530
7.474
10.869
13.367
14.577
16.625
13.447
5.710
2.311
1.615
1.818
2.650
4.530
7.474
10.869
13.367
14.577
16.625
13.447
5.710
2.311
1.615
1.818
2.650
4.530
7.474
10.869
13.367
14.577
16.625
13.447
5.710
2.311
1.615
1.818
2.650
4.530
7.474
10.869
13.367
14.577
16.625
13.447
5.710
2.311
1.615
1.818
2.650
4.530
7.474
10.869
13.367
14.577
16.625
13.447
5.710
2.311
1.615
1.818
2.650
4.530
7.474
10.869
13.367
14.577
16.625
13.447
5.710
2.311
1.615
1.818
2.650
4.530
7.474
10.869
13.367
14.577
16.625
13.447
5.710
2.311
1.615
1.818
2.650
4.530
7.474
10.869
13.367
14.577
16.625
13.447
5.710
2.311
1.615
1.818
2.650
4.530
7.474
10.869
13.367
14.577
16.625
13.447
5.710
2.311
1.615
1.818
2.650
4.530
7.474
10.869
13.367
14.577
16.625
13.447
5.710
2.311
1.615
1.818
2.650
4.530
7.474
10.869
13.367
14.577
16.625
13.447
5.710
2.311
1.615
1.818
2.650
4.530
7.474
10.869
13.367
14.577
16.625
13.447
5.710
2.311
1.615
1.818
2.650
4.530
7.474
10.869
13.367
14.577
16.625
13.447
5.710
2.311
1.615
1.818
2.650
4.530
7.474
10.869
13.367
14.577
16.625
13.447
5.710
2.311
1.615
1.818
2.650
4.530
7.474
10.869
13.367
14.577
16.625
13.447
5.710
2.311
1.615
1.818
