4.876
8.252
13.875
20.706
26.984
31.489
36.888
29.953
12.639
4.998
3.328
3.488
4.876
8.252
13.875
20.706
26.984
31.489
36.888
29.953
12.639
4.998
3.328
3.488
4.876
8.252
13.875
20.706
26.984
31.489
36.888
29.953
12.639
4.998
3.328
3.488
4.876
8.252
13.875
20.706
26.984
31.489
36.888
29.953
12.639
4.998
3.328
3.488
4.876
8.252
13.875
20.706
26.984
31.489
36.888
29.953
12.639
4.998
3.328
3.488
4.876
8.252
13.875
20.706
26.984
31.489
36.888
29.953
12.639
4.998
3.328
3.488
4.876
8.252
13.875
20.706
26.984
31.489
36.888
29.953
12.639
4.998
3.328
3.488
4.876
8.252
13.875
20.706
26.984
31.489
36.888
29.953
12.639
4.998
3.328
3.488
4.876
8.252
13.875
20.706
26.984
31.489
36.888
29.953
12.639
4.998
3.328
3.488
4.876
8.252
13.875
20.706
26.984
31.489
36.888
29.953
12.639
4.998
3.328
3.488
4.876
8.252
13.875
20.706
26.984
31.489
36.888
29.953
12.639
4.998
3.328
3.488
4.876
8.252
13.875
20.706
26.984
31.489
36.888
29.953
12.639
4.998
3.328
3.488
4.876
8.252
13.875
20.706
26.984
31.489
36.888
29.953
12.639
4.998
3.328
3.488
4.876
8.252
13.875
20.706
26.984
31.489
36.888
29.953
12.639
4.998
3.328
3.488
4.876
8.252
13.875
20.706
26.984
31.489
36.888
29.953
12.639
4.998
3.328
3.488
4.876
8.252
13.875
20.706
26.984
31.489
36.888
29.953
12.639
4.998
3.328
3.488
4.876
8.252
13.875
20.706
26.984
31.489
36.888
29.953
12.639
4.998
3.328
3.488
4.876
8.252
13.875
20.706
26.984
31.489
36.888
29.953
12.639
4.998
3.328
3.488
4.876
8.252
13.875
20.706
26.984
31.489
36.888
29.953
12.639
4.998
3.328
3.488
4.876
8.252
13.875
20.706
26.984
31.489
36.888
29.953
12.639
4.998
3.328
3.488
4.876
8.252
13.875
20.706
26.984
31.489
36.888
29.953
12.639
4.998
3.328
3.488
4.876
8.252
13.875
20.706
26.984
31.489
36.888
29.953
12.639
4.998
3.328
3.488
4.876
8.252
13.875
20.706
26.984
31.489
36.888
29.953
12.639
4.998
3.328
3.488
4.876
8.252
13.875
20.706
26.984
31.489
36.888
29.953
12.639
4.998
3.328
3.488
4.876
8.252
13.875
20.706
26.984
31.489
36.888
29.953
12.639
4.998
3.328
3.488
4.876
8.252
13.875
20.706
26.984
31.489
36.888
29.953
12.639
4.998
3.328
3.488
4.876
8.252
13.875
20.706
26.984
31.489
36.888
29.953
12.639
4.998
3.328
3.488
4.876
8.252
13.875
20.706
26.984
31.489
36.888
29.953
12.639
4.998
3.328
3.488
4.876
8.252
13.875
20.706
26.984
31.489
36.888
29.953
12.639
4.998
3.328
3.488
4.876
8.252
13.875
20.706
26.984
31.489
36.888
29.953
12.639
4.998
3.328
3.488
