1.236
2.022
3.620
5.842
8.842
11.895
14.632
11.962
4.992
1.892
1.144
1.004
1.236
2.022
3.620
5.842
8.842
11.895
14.632
11.962
4.992
1.892
1.144
1.004
1.236
2.022
3.620
5.842
8.842
11.895
14.632
11.962
4.992
1.892
1.144
1.004
1.236
2.022
3.620
5.842
8.842
11.895
14.632
11.962
4.992
1.892
1.144
1.004
1.236
2.022
3.620
5.842
8.842
11.895
14.632
11.962
4.992
1.892
1.144
1.004
1.236
2.022
3.620
5.842
8.842
11.895
14.632
11.962
4.992
1.892
1.144
1.004
1.236
2.022
3.620
5.842
8.842
11.895
14.632
11.962
4.992
1.892
1.144
1.004
1.236
2.022
3.620
5.842
8.842
11.895
14.632
11.962
4.992
1.892
1.144
1.004
1.236
2.022
3.620
5.842
8.842
11.895
14.632
11.962
4.992
1.892
1.144
1.004
1.236
2.022
3.620
5.842
8.842
11.895
14.632
11.962
4.992
1.892
1.144
1.004
1.236
2.022
3.620
5.842
8.842
11.895
14.632
11.962
4.992
1.892
1.144
1.004
1.236
2.022
3.620
5.842
8.842
11.895
14.632
11.962
4.992
1.892
1.144
1.004
1.236
2.022
3.620
5.842
8.842
11.895
14.632
11.962
4.992
1.892
1.144
1.004
1.236
2.022
3.620
5.842
8.842
11.895
14.632
11.962
4.992
1.892
1.144
1.004
1.236
2.022
3.620
5.842
8.842
11.895
14.632
11.962
4.992
1.892
1.144
1.004
1.236
2.022
3.620
5.842
8.842
11.895
14.632
11.962
4.992
1.892
1.144
1.004
1.236
2.022
3.620
5.842
8.842
11.895
14.632
11.962
4.992
1.892
1.144
1.004
1.236
2.022
3.620
5.842
8.842
11.895
14.632
11.962
4.992
1.892
1.144
1.004
1.236
2.022
3.620
5.842
8.842
11.895
14.632
11.962
4.992
1.892
1.144
1.004
1.236
2.022
3.620
5.842
8.842
11.895
14.632
11.962
4.992
1.892
1.144
1.004
1.236
2.022
3.620
5.842
8.842
11.895
14.632
11.962
4.992
1.892
1.144
1.004
1.236
2.022
3.620
5.842
8.842
11.895
14.632
11.962
4.992
1.892
1.144
1.004
1.236
2.022
3.620
5.842
8.842
11.895
14.632
11.962
4.992
1.892
1.144
1.004
1.236
2.022
3.620
5.842
8.842
11.895
14.632
11.962
4.992
1.892
1.144
1.004
1.236
2.022
3.620
5.842
8.842
11.895
14.632
11.962
4.992
1.892
1.144
1.004
1.236
2.022
3.620
5.842
8.842
11.895
14.632
11.962
4.992
1.892
1.144
1.004
1.236
2.022
3.620
5.842
8.842
11.895
14.632
11.962
4.992
1.892
1.144
1.004
1.236
2.022
3.620
5.842
8.842
11.895
14.632
11.962
4.992
1.892
1.144
1.004
1.236
2.022
3.620
5.842
8.842
11.895
14.632
11.962
4.992
1.892
1.144
1.004
1.236
2.022
3.620
5.842
8.842
11.895
14.632
11.962
4.992
1.892
1.144
1.004
