5.903
10.343
16.287
22.108
22.664
18.565
18.261
14.425
6.362
2.926
2.531
3.626
5.903
10.343
16.287
22.108
22.664
18.565
18.261
14.425
6.362
2.926
2.531
3.626
5.903
10.343
16.287
22.108
22.664
18.565
18.261
14.425
6.362
2.926
2.531
3.626
5.903
10.343
16.287
22.108
22.664
18.565
18.261
14.425
6.362
2.926
2.531
3.626
5.903
10.343
16.287
22.108
22.664
18.565
18.261
14.425
6.362
2.926
2.531
3.626
5.903
10.343
16.287
22.108
22.664
18.565
18.261
14.425
6.362
2.926
2.531
3.626
5.903
10.343
16.287
22.108
22.664
18.565
18.261
14.425
6.362
2.926
2.531
3.626
5.903
10.343
16.287
22.108
22.664
18.565
18.261
14.425
6.362
2.926
2.531
3.626
5.903
10.343
16.287
22.108
22.664
18.565
18.261
14.425
6.362
2.926
2.531
3.626
5.903
10.343
16.287
22.108
22.664
18.565
18.261
14.425
6.362
2.926
2.531
3.626
5.903
10.343
16.287
22.108
22.664
18.565
18.261
14.425
6.362
2.926
2.531
3.626
5.903
10.343
16.287
22.108
22.664
18.565
18.261
14.425
6.362
2.926
2.531
3.626
5.903
10.343
16.287
22.108
22.664
18.565
18.261
14.425
6.362
2.926
2.531
3.626
5.903
10.343
16.287
22.108
22.664
18.565
18.261
14.425
6.362
2.926
2.531
3.626
5.903
10.343
16.287
22.108
22.664
18.565
18.261
14.425
6.362
2.926
2.531
3.626
5.903
10.343
16.287
22.108
22.664
18.565
18.261
14.425
6.362
2.926
2.531
3.626
5.903
10.343
16.287
22.108
22.664
18.565
18.261
14.425
6.362
2.926
2.531
3.626
5.903
10.343
16.287
22.108
22.664
18.565
18.261
14.425
6.362
2.926
2.531
3.626
5.903
10.343
16.287
22.108
22.664
18.565
18.261
14.425
6.362
2.926
2.531
3.626
5.903
10.343
16.287
22.108
22.664
18.565
18.261
14.425
6.362
2.926
2.531
3.626
5.903
10.343
16.287
22.108
22.664
18.565
18.261
14.425
6.362
2.926
2.531
3.626
5.903
10.343
16.287
22.108
22.664
18.565
18.261
14.425
6.362
2.926
2.531
3.626
5.903
10.343
16.287
22.108
22.664
18.565
18.261
14.425
6.362
2.926
2.531
3.626
5.903
10.343
16.287
22.108
22.664
18.565
18.261
14.425
6.362
2.926
2.531
3.626
5.903
10.343
16.287
22.108
22.664
18.565
18.261
14.425
6.362
2.926
2.531
3.626
5.903
10.343
16.287
22.108
22.664
18.565
18.261
14.425
6.362
2.926
2.531
3.626
5.903
10.343
16.287
22.108
22.664
18.565
18.261
14.425
6.362
2.926
2.531
3.626
5.903
10.343
16.287
22.108
22.664
18.565
18.261
14.425
6.362
2.926
2.531
3.626
5.903
10.343
16.287
22.108
22.664
18.565
18.261
14.425
6.362
2.926
2.531
3.626
5.903
10.343
16.287
22.108
22.664
18.565
18.261
14.425
6.362
2.926
2.531
3.626
