9.083
16.230
24.606
31.378
25.947
11.112
4.539
2.706
1.811
1.713
2.558
5.046
9.083
16.230
24.606
31.378
25.947
11.112
4.539
2.706
1.811
1.713
2.558
5.046
9.083
16.230
24.606
31.378
25.947
11.112
4.539
2.706
1.811
1.713
2.558
5.046
9.083
16.230
24.606
31.378
25.947
11.112
4.539
2.706
1.811
1.713
2.558
5.046
9.083
16.230
24.606
31.378
25.947
11.112
4.539
2.706
1.811
1.713
2.558
5.046
9.083
16.230
24.606
31.378
25.947
11.112
4.539
2.706
1.811
1.713
2.558
5.046
9.083
16.230
24.606
31.378
25.947
11.112
4.539
2.706
1.811
1.713
2.558
5.046
9.083
16.230
24.606
31.378
25.947
11.112
4.539
2.706
1.811
1.713
2.558
5.046
9.083
16.230
24.606
31.378
25.947
11.112
4.539
2.706
1.811
1.713
2.558
5.046
9.083
16.230
24.606
31.378
25.947
11.112
4.539
2.706
1.811
1.713
2.558
5.046
9.083
16.230
24.606
31.378
25.947
11.112
4.539
2.706
1.811
1.713
2.558
5.046
9.083
16.230
24.606
31.378
25.947
11.112
4.539
2.706
1.811
1.713
2.558
5.046
9.083
16.230
24.606
31.378
25.947
11.112
4.539
2.706
1.811
1.713
2.558
5.046
9.083
16.230
24.606
31.378
25.947
11.112
4.539
2.706
1.811
1.713
2.558
5.046
9.083
16.230
24.606
31.378
25.947
11.112
4.539
2.706
1.811
1.713
2.558
5.046
9.083
16.230
24.606
31.378
25.947
11.112
4.539
2.706
1.811
1.713
2.558
5.046
9.083
16.230
24.606
31.378
25.947
11.112
4.539
2.706
1.811
1.713
2.558
5.046
9.083
16.230
24.606
31.378
25.947
11.112
4.539
2.706
1.811
1.713
2.558
5.046
9.083
16.230
24.606
31.378
25.947
11.112
4.539
2.706
1.811
1.713
2.558
5.046
9.083
16.230
24.606
31.378
25.947
11.112
4.539
2.706
1.811
1.713
2.558
5.046
9.083
16.230
24.606
31.378
25.947
11.112
4.539
2.706
1.811
1.713
2.558
5.046
9.083
16.230
24.606
31.378
25.947
11.112
4.539
2.706
1.811
1.713
2.558
5.046
9.083
16.230
24.606
31.378
25.947
11.112
4.539
2.706
1.811
1.713
2.558
5.046
9.083
16.230
24.606
31.378
25.947
11.112
4.539
2.706
1.811
1.713
2.558
5.046
9.083
16.230
24.606
31.378
25.947
11.112
4.539
2.706
1.811
1.713
2.558
5.046
9.083
16.230
24.606
31.378
25.947
11.112
4.539
2.706
1.811
1.713
2.558
5.046
9.083
16.230
24.606
31.378
25.947
11.112
4.539
2.706
1.811
1.713
2.558
5.046
9.083
16.230
24.606
31.378
25.947
11.112
4.539
2.706
1.811
1.713
2.558
5.046
9.083
16.230
24.606
31.378
25.947
11.112
4.539
2.706
1.811
1.713
2.558
5.046
9.083
16.230
24.606
31.378
25.947
11.112
4.539
2.706
1.811
1.713
2.558
5.046
