4.759
8.251
13.257
18.559
20.759
19.829
21.285
17.059
7.351
3.136
2.413
3.071
4.759
8.251
13.257
18.559
20.759
19.829
21.285
17.059
7.351
3.136
2.413
3.071
4.759
8.251
13.257
18.559
20.759
19.829
21.285
17.059
7.351
3.136
2.413
3.071
4.759
8.251
13.257
18.559
20.759
19.829
21.285
17.059
7.351
3.136
2.413
3.071
4.759
8.251
13.257
18.559
20.759
19.829
21.285
17.059
7.351
3.136
2.413
3.071
4.759
8.251
13.257
18.559
20.759
19.829
21.285
17.059
7.351
3.136
2.413
3.071
4.759
8.251
13.257
18.559
20.759
19.829
21.285
17.059
7.351
3.136
2.413
3.071
4.759
8.251
13.257
18.559
20.759
19.829
21.285
17.059
7.351
3.136
2.413
3.071
4.759
8.251
13.257
18.559
20.759
19.829
21.285
17.059
7.351
3.136
2.413
3.071
4.759
8.251
13.257
18.559
20.759
19.829
21.285
17.059
7.351
3.136
2.413
3.071
4.759
8.251
13.257
18.559
20.759
19.829
21.285
17.059
7.351
3.136
2.413
3.071
4.759
8.251
13.257
18.559
20.759
19.829
21.285
17.059
7.351
3.136
2.413
3.071
4.759
8.251
13.257
18.559
20.759
19.829
21.285
17.059
7.351
3.136
2.413
3.071
4.759
8.251
13.257
18.559
20.759
19.829
21.285
17.059
7.351
3.136
2.413
3.071
4.759
8.251
13.257
18.559
20.759
19.829
21.285
17.059
7.351
3.136
2.413
3.071
4.759
8.251
13.257
18.559
20.759
19.829
21.285
17.059
7.351
3.136
2.413
3.071
4.759
8.251
13.257
18.559
20.759
19.829
21.285
17.059
7.351
3.136
2.413
3.071
4.759
8.251
13.257
18.559
20.759
19.829
21.285
17.059
7.351
3.136
2.413
3.071
4.759
8.251
13.257
18.559
20.759
19.829
21.285
17.059
7.351
3.136
2.413
3.071
4.759
8.251
13.257
18.559
20.759
19.829
21.285
17.059
7.351
3.136
2.413
3.071
4.759
8.251
13.257
18.559
20.759
19.829
21.285
17.059
7.351
3.136
2.413
3.071
4.759
8.251
13.257
18.559
20.759
19.829
21.285
17.059
7.351
3.136
2.413
3.071
4.759
8.251
13.257
18.559
20.759
19.829
21.285
17.059
7.351
3.136
2.413
3.071
4.759
8.251
13.257
18.559
20.759
19.829
21.285
17.059
7.351
3.136
2.413
3.071
4.759
8.251
13.257
18.559
20.759
19.829
21.285
17.059
7.351
3.136
2.413
3.071
4.759
8.251
13.257
18.559
20.759
19.829
21.285
17.059
7.351
3.136
2.413
3.071
4.759
8.251
13.257
18.559
20.759
19.829
21.285
17.059
7.351
3.136
2.413
3.071
4.759
8.251
13.257
18.559
20.759
19.829
21.285
17.059
7.351
3.136
2.413
3.071
4.759
8.251
13.257
18.559
20.759
19.829
21.285
17.059
7.351
3.136
2.413
3.071
4.759
8.251
13.257
18.559
20.759
19.829
21.285
17.059
7.351
3.136
2.413
3.071
