884.306
1542.563
2449.921
3369.786
3590.553
3162.836
3250.871
2587.210
1127.523
499.298
408.443
554.823
884.306
1542.563
2449.921
3369.786
3590.553
3162.836
3250.871
2587.210
1127.523
499.298
408.443
554.823
884.306
1542.563
2449.921
3369.786
3590.553
3162.836
3250.871
2587.210
1127.523
499.298
408.443
554.823
884.306
1542.563
2449.921
3369.786
3590.553
3162.836
3250.871
2587.210
1127.523
499.298
408.443
554.823
884.306
1542.563
2449.921
3369.786
3590.553
3162.836
3250.871
2587.210
1127.523
499.298
408.443
554.823
884.306
1542.563
2449.921
3369.786
3590.553
3162.836
3250.871
2587.210
1127.523
499.298
408.443
554.823
884.306
1542.563
2449.921
3369.786
3590.553
3162.836
3250.871
2587.210
1127.523
499.298
408.443
554.823
884.306
1542.563
2449.921
3369.786
3590.553
3162.836
3250.871
2587.210
1127.523
499.298
408.443
554.823
884.306
1542.563
2449.921
3369.786
3590.553
3162.836
3250.871
2587.210
1127.523
499.298
408.443
554.823
884.306
1542.563
2449.921
3369.786
3590.553
3162.836
3250.871
2587.210
1127.523
499.298
408.443
554.823
884.306
1542.563
2449.921
3369.786
3590.553
3162.836
3250.871
2587.210
1127.523
499.298
408.443
554.823
884.306
1542.563
2449.921
3369.786
3590.553
3162.836
3250.871
2587.210
1127.523
499.298
408.443
554.823
884.306
1542.563
2449.921
3369.786
3590.553
3162.836
3250.871
2587.210
1127.523
499.298
408.443
554.823
884.306
1542.563
2449.921
3369.786
3590.553
3162.836
3250.871
2587.210
1127.523
499.298
408.443
554.823
884.306
1542.563
2449.921
3369.786
3590.553
3162.836
3250.871
2587.210
1127.523
499.298
408.443
554.823
884.306
1542.563
2449.921
3369.786
3590.553
3162.836
3250.871
2587.210
1127.523
499.298
408.443
554.823
884.306
1542.563
2449.921
3369.786
3590.553
3162.836
3250.871
2587.210
1127.523
499.298
408.443
554.823
884.306
1542.563
2449.921
3369.786
3590.553
3162.836
3250.871
2587.210
1127.523
499.298
408.443
554.823
884.306
1542.563
2449.921
3369.786
3590.553
3162.836
3250.871
2587.210
1127.523
499.298
408.443
554.823
884.306
1542.563
2449.921
3369.786
3590.553
3162.836
3250.871
2587.210
1127.523
499.298
408.443
554.823
884.306
1542.563
2449.921
3369.786
3590.553
3162.836
3250.871
2587.210
1127.523
499.298
408.443
554.823
884.306
1542.563
2449.921
3369.786
3590.553
3162.836
3250.871
2587.210
1127.523
499.298
408.443
554.823
884.306
1542.563
2449.921
3369.786
3590.553
3162.836
3250.871
2587.210
1127.523
499.298
408.443
554.823
884.306
1542.563
2449.921
3369.786
3590.553
3162.836
3250.871
2587.210
1127.523
499.298
408.443
554.823
884.306
1542.563
2449.921
3369.786
3590.553
3162.836
3250.871
2587.210
1127.523
499.298
408.443
554.823
884.306
1542.563
2449.921
3369.786
3590.553
3162.836
3250.871
2587.210
1127.523
499.298
408.443
554.823
884.306
1542.563
2449.921
3369.786
3590.553
3162.836
3250.871
2587.210
1127.523
499.298
408.443
554.823
884.306
1542.563
2449.921
3369.786
3590.553
3162.836
3250.871
2587.210
1127.523
499.298
408.443
554.823
884.306
1542.563
2449.921
3369.786
3590.553
3162.836
3250.871
2587.210
1127.523
499.298
408.443
554.823
884.306
1542.563
2449.921
3369.786
3590.553
3162.836
3250.871
2587.210
1127.523
499.298
408.443
554.823
