2855.867
5017.425
7860.314
10583.145
10583.087
8234.760
7826.636
6144.869
2736.474
1296.195
1167.416
1731.365
2855.867
5017.425
7860.314
10583.145
10583.087
8234.760
7826.636
6144.869
2736.474
1296.195
1167.416
1731.365
2855.867
5017.425
7860.314
10583.145
10583.087
8234.760
7826.636
6144.869
2736.474
1296.195
1167.416
1731.365
2855.867
5017.425
7860.314
10583.145
10583.087
8234.760
7826.636
6144.869
2736.474
1296.195
1167.416
1731.365
2855.867
5017.425
7860.314
10583.145
10583.087
8234.760
7826.636
6144.869
2736.474
1296.195
1167.416
1731.365
2855.867
5017.425
7860.314
10583.145
10583.087
8234.760
7826.636
6144.869
2736.474
1296.195
1167.416
1731.365
2855.867
5017.425
7860.314
10583.145
10583.087
8234.760
7826.636
6144.869
2736.474
1296.195
1167.416
1731.365
2855.867
5017.425
7860.314
10583.145
10583.087
8234.760
7826.636
6144.869
2736.474
1296.195
1167.416
1731.365
2855.867
5017.425
7860.314
10583.145
10583.087
8234.760
7826.636
6144.869
2736.474
1296.195
1167.416
1731.365
2855.867
5017.425
7860.314
10583.145
10583.087
8234.760
7826.636
6144.869
2736.474
1296.195
1167.416
1731.365
2855.867
5017.425
7860.314
10583.145
10583.087
8234.760
7826.636
6144.869
2736.474
1296.195
1167.416
1731.365
2855.867
5017.425
7860.314
10583.145
10583.087
8234.760
7826.636
6144.869
2736.474
1296.195
1167.416
1731.365
2855.867
5017.425
7860.314
10583.145
10583.087
8234.760
7826.636
6144.869
2736.474
1296.195
1167.416
1731.365
2855.867
5017.425
7860.314
10583.145
10583.087
8234.760
7826.636
6144.869
2736.474
1296.195
1167.416
1731.365
2855.867
5017.425
7860.314
10583.145
10583.087
8234.760
7826.636
6144.869
2736.474
1296.195
1167.416
1731.365
2855.867
5017.425
7860.314
10583.145
10583.087
8234.760
7826.636
6144.869
2736.474
1296.195
1167.416
1731.365
2855.867
5017.425
7860.314
10583.145
10583.087
8234.760
7826.636
6144.869
2736.474
1296.195
1167.416
1731.365
2855.867
5017.425
7860.314
10583.145
10583.087
8234.760
7826.636
6144.869
2736.474
1296.195
1167.416
1731.365
2855.867
5017.425
7860.314
10583.145
10583.087
8234.760
7826.636
6144.869
2736.474
1296.195
1167.416
1731.365
2855.867
5017.425
7860.314
10583.145
10583.087
8234.760
7826.636
6144.869
2736.474
1296.195
1167.416
1731.365
2855.867
5017.425
7860.314
10583.145
10583.087
8234.760
7826.636
6144.869
2736.474
1296.195
1167.416
1731.365
2855.867
5017.425
7860.314
10583.145
10583.087
8234.760
7826.636
6144.869
2736.474
1296.195
1167.416
1731.365
2855.867
5017.425
7860.314
10583.145
10583.087
8234.760
7826.636
6144.869
2736.474
1296.195
1167.416
1731.365
2855.867
5017.425
7860.314
10583.145
10583.087
8234.760
7826.636
6144.869
2736.474
1296.195
1167.416
1731.365
2855.867
5017.425
7860.314
10583.145
10583.087
8234.760
7826.636
6144.869
2736.474
1296.195
1167.416
1731.365
2855.867
5017.425
7860.314
10583.145
10583.087
8234.760
7826.636
6144.869
2736.474
1296.195
1167.416
1731.365
2855.867
5017.425
7860.314
10583.145
10583.087
8234.760
7826.636
6144.869
2736.474
1296.195
1167.416
1731.365
2855.867
5017.425
7860.314
10583.145
10583.087
8234.760
7826.636
6144.869
2736.474
1296.195
1167.416
1731.365
2855.867
5017.425
7860.314
10583.145
10583.087
8234.760
7826.636
6144.869
2736.474
1296.195
1167.416
1731.365
2855.867
5017.425
7860.314
10583.145
10583.087
8234.760
7826.636
6144.869
2736.474
1296.195
1167.416
1731.365
