6.798
11.908
18.763
25.491
26.199
21.570
21.287
16.825
7.413
3.400
2.930
4.182
6.798
11.908
18.763
25.491
26.199
21.570
21.287
16.825
7.413
3.400
2.930
4.182
6.798
11.908
18.763
25.491
26.199
21.570
21.287
16.825
7.413
3.400
2.930
4.182
6.798
11.908
18.763
25.491
26.199
21.570
21.287
16.825
7.413
3.400
2.930
4.182
6.798
11.908
18.763
25.491
26.199
21.570
21.287
16.825
7.413
3.400
2.930
4.182
6.798
11.908
18.763
25.491
26.199
21.570
21.287
16.825
7.413
3.400
2.930
4.182
6.798
11.908
18.763
25.491
26.199
21.570
21.287
16.825
7.413
3.400
2.930
4.182
6.798
11.908
18.763
25.491
26.199
21.570
21.287
16.825
7.413
3.400
2.930
4.182
6.798
11.908
18.763
25.491
26.199
21.570
21.287
16.825
7.413
3.400
2.930
4.182
6.798
11.908
18.763
25.491
26.199
21.570
21.287
16.825
7.413
3.400
2.930
4.182
6.798
11.908
18.763
25.491
26.199
21.570
21.287
16.825
7.413
3.400
2.930
4.182
6.798
11.908
18.763
25.491
26.199
21.570
21.287
16.825
7.413
3.400
2.930
4.182
6.798
11.908
18.763
25.491
26.199
21.570
21.287
16.825
7.413
3.400
2.930
4.182
6.798
11.908
18.763
25.491
26.199
21.570
21.287
16.825
7.413
3.400
2.930
4.182
6.798
11.908
18.763
25.491
26.199
21.570
21.287
16.825
7.413
3.400
2.930
4.182
6.798
11.908
18.763
25.491
26.199
21.570
21.287
16.825
7.413
3.400
2.930
4.182
6.798
11.908
18.763
25.491
26.199
21.570
21.287
16.825
7.413
3.400
2.930
4.182
6.798
11.908
18.763
25.491
26.199
21.570
21.287
16.825
7.413
3.400
2.930
4.182
6.798
11.908
18.763
25.491
26.199
21.570
21.287
16.825
7.413
3.400
2.930
4.182
6.798
11.908
18.763
25.491
26.199
21.570
21.287
16.825
7.413
3.400
2.930
4.182
6.798
11.908
18.763
25.491
26.199
21.570
21.287
16.825
7.413
3.400
2.930
4.182
6.798
11.908
18.763
25.491
26.199
21.570
21.287
16.825
7.413
3.400
2.930
4.182
6.798
11.908
18.763
25.491
26.199
21.570
21.287
16.825
7.413
3.400
2.930
4.182
6.798
11.908
18.763
25.491
26.199
21.570
21.287
16.825
7.413
3.400
2.930
4.182
6.798
11.908
18.763
25.491
26.199
21.570
21.287
16.825
7.413
3.400
2.930
4.182
6.798
11.908
18.763
25.491
26.199
21.570
21.287
16.825
7.413
3.400
2.930
4.182
6.798
11.908
18.763
25.491
26.199
21.570
21.287
16.825
7.413
3.400
2.930
4.182
6.798
11.908
18.763
25.491
26.199
21.570
21.287
16.825
7.413
3.400
2.930
4.182
6.798
11.908
18.763
25.491
26.199
21.570
21.287
16.825
7.413
3.400
2.930
4.182
6.798
11.908
18.763
25.491
26.199
21.570
21.287
16.825
7.413
3.400
2.930
4.182
