2.169
3.604
6.270
9.774
13.903
17.719
21.419
17.469
7.319
2.816
1.765
1.665
2.169
3.604
6.270
9.774
13.903
17.719
21.419
17.469
7.319
2.816
1.765
1.665
2.169
3.604
6.270
9.774
13.903
17.719
21.419
17.469
7.319
2.816
1.765
1.665
2.169
3.604
6.270
9.774
13.903
17.719
21.419
17.469
7.319
2.816
1.765
1.665
2.169
3.604
6.270
9.774
13.903
17.719
21.419
17.469
7.319
2.816
1.765
1.665
2.169
3.604
6.270
9.774
13.903
17.719
21.419
17.469
7.319
2.816
1.765
1.665
2.169
3.604
6.270
9.774
13.903
17.719
21.419
17.469
7.319
2.816
1.765
1.665
2.169
3.604
6.270
9.774
13.903
17.719
21.419
17.469
7.319
2.816
1.765
1.665
2.169
3.604
6.270
9.774
13.903
17.719
21.419
17.469
7.319
2.816
1.765
1.665
2.169
3.604
6.270
9.774
13.903
17.719
21.419
17.469
7.319
2.816
1.765
1.665
2.169
3.604
6.270
9.774
13.903
17.719
21.419
17.469
7.319
2.816
1.765
1.665
2.169
3.604
6.270
9.774
13.903
17.719
21.419
17.469
7.319
2.816
1.765
1.665
2.169
3.604
6.270
9.774
13.903
17.719
21.419
17.469
7.319
2.816
1.765
1.665
2.169
3.604
6.270
9.774
13.903
17.719
21.419
17.469
7.319
2.816
1.765
1.665
2.169
3.604
6.270
9.774
13.903
17.719
21.419
17.469
7.319
2.816
1.765
1.665
2.169
3.604
6.270
9.774
13.903
17.719
21.419
17.469
7.319
2.816
1.765
1.665
2.169
3.604
6.270
9.774
13.903
17.719
21.419
17.469
7.319
2.816
1.765
1.665
2.169
3.604
6.270
9.774
13.903
17.719
21.419
17.469
7.319
2.816
1.765
1.665
2.169
3.604
6.270
9.774
13.903
17.719
21.419
17.469
7.319
2.816
1.765
1.665
2.169
3.604
6.270
9.774
13.903
17.719
21.419
17.469
7.319
2.816
1.765
1.665
2.169
3.604
6.270
9.774
13.903
17.719
21.419
17.469
7.319
2.816
1.765
1.665
2.169
3.604
6.270
9.774
13.903
17.719
21.419
17.469
7.319
2.816
1.765
1.665
2.169
3.604
6.270
9.774
13.903
17.719
21.419
17.469
7.319
2.816
1.765
1.665
2.169
3.604
6.270
9.774
13.903
17.719
21.419
17.469
7.319
2.816
1.765
1.665
2.169
3.604
6.270
9.774
13.903
17.719
21.419
17.469
7.319
2.816
1.765
1.665
2.169
3.604
6.270
9.774
13.903
17.719
21.419
17.469
7.319
2.816
1.765
1.665
2.169
3.604
6.270
9.774
13.903
17.719
21.419
17.469
7.319
2.816
1.765
1.665
2.169
3.604
6.270
9.774
13.903
17.719
21.419
17.469
7.319
2.816
1.765
1.665
2.169
3.604
6.270
9.774
13.903
17.719
21.419
17.469
7.319
2.816
1.765
1.665
2.169
3.604
6.270
9.774
13.903
17.719
21.419
17.469
7.319
2.816
1.765
1.665
