8.379
14.832
22.901
30.120
27.904
18.008
14.659
11.159
5.217
2.820
2.954
4.892
8.379
14.832
22.901
30.120
27.904
18.008
14.659
11.159
5.217
2.820
2.954
4.892
8.379
14.832
22.901
30.120
27.904
18.008
14.659
11.159
5.217
2.820
2.954
4.892
8.379
14.832
22.901
30.120
27.904
18.008
14.659
11.159
5.217
2.820
2.954
4.892
8.379
14.832
22.901
30.120
27.904
18.008
14.659
11.159
5.217
2.820
2.954
4.892
8.379
14.832
22.901
30.120
27.904
18.008
14.659
11.159
5.217
2.820
2.954
4.892
8.379
14.832
22.901
30.120
27.904
18.008
14.659
11.159
5.217
2.820
2.954
4.892
8.379
14.832
22.901
30.120
27.904
18.008
14.659
11.159
5.217
2.820
2.954
4.892
8.379
14.832
22.901
30.120
27.904
18.008
14.659
11.159
5.217
2.820
2.954
4.892
8.379
14.832
22.901
30.120
27.904
18.008
14.659
11.159
5.217
2.820
2.954
4.892
8.379
14.832
22.901
30.120
27.904
18.008
14.659
11.159
5.217
2.820
2.954
4.892
8.379
14.832
22.901
30.120
27.904
18.008
14.659
11.159
5.217
2.820
2.954
4.892
8.379
14.832
22.901
30.120
27.904
18.008
14.659
11.159
5.217
2.820
2.954
4.892
8.379
14.832
22.901
30.120
27.904
18.008
14.659
11.159
5.217
2.820
2.954
4.892
8.379
14.832
22.901
30.120
27.904
18.008
14.659
11.159
5.217
2.820
2.954
4.892
8.379
14.832
22.901
30.120
27.904
18.008
14.659
11.159
5.217
2.820
2.954
4.892
8.379
14.832
22.901
30.120
27.904
18.008
14.659
11.159
5.217
2.820
2.954
4.892
8.379
14.832
22.901
30.120
27.904
18.008
14.659
11.159
5.217
2.820
2.954
4.892
8.379
14.832
22.901
30.120
27.904
18.008
14.659
11.159
5.217
2.820
2.954
4.892
8.379
14.832
22.901
30.120
27.904
18.008
14.659
11.159
5.217
2.820
2.954
4.892
8.379
14.832
22.901
30.120
27.904
18.008
14.659
11.159
5.217
2.820
2.954
4.892
8.379
14.832
22.901
30.120
27.904
18.008
14.659
11.159
5.217
2.820
2.954
4.892
8.379
14.832
22.901
30.120
27.904
18.008
14.659
11.159
5.217
2.820
2.954
4.892
8.379
14.832
22.901
30.120
27.904
18.008
14.659
11.159
5.217
2.820
2.954
4.892
8.379
14.832
22.901
30.120
27.904
18.008
14.659
11.159
5.217
2.820
2.954
4.892
8.379
14.832
22.901
30.120
27.904
18.008
14.659
11.159
5.217
2.820
2.954
4.892
8.379
14.832
22.901
30.120
27.904
18.008
14.659
11.159
5.217
2.820
2.954
4.892
8.379
14.832
22.901
30.120
27.904
18.008
14.659
11.159
5.217
2.820
2.954
4.892
8.379
14.832
22.901
30.120
27.904
18.008
14.659
11.159
5.217
2.820
2.954
4.892
8.379
14.832
22.901
30.120
27.904
18.008
14.659
11.159
5.217
2.820
2.954
4.892
