3.870
6.416
11.209
17.565
25.234
32.452
39.346
32.103
13.441
5.159
3.213
2.996
3.870
6.416
11.209
17.565
25.234
32.452
39.346
32.103
13.441
5.159
3.213
2.996
3.870
6.416
11.209
17.565
25.234
32.452
39.346
32.103
13.441
5.159
3.213
2.996
3.870
6.416
11.209
17.565
25.234
32.452
39.346
32.103
13.441
5.159
3.213
2.996
3.870
6.416
11.209
17.565
25.234
32.452
39.346
32.103
13.441
5.159
3.213
2.996
3.870
6.416
11.209
17.565
25.234
32.452
39.346
32.103
13.441
5.159
3.213
2.996
3.870
6.416
11.209
17.565
25.234
32.452
39.346
32.103
13.441
5.159
3.213
2.996
3.870
6.416
11.209
17.565
25.234
32.452
39.346
32.103
13.441
5.159
3.213
2.996
3.870
6.416
11.209
17.565
25.234
32.452
39.346
32.103
13.441
5.159
3.213
2.996
3.870
6.416
11.209
17.565
25.234
32.452
39.346
32.103
13.441
5.159
3.213
2.996
3.870
6.416
11.209
17.565
25.234
32.452
39.346
32.103
13.441
5.159
3.213
2.996
3.870
6.416
11.209
17.565
25.234
32.452
39.346
32.103
13.441
5.159
3.213
2.996
3.870
6.416
11.209
17.565
25.234
32.452
39.346
32.103
13.441
5.159
3.213
2.996
3.870
6.416
11.209
17.565
25.234
32.452
39.346
32.103
13.441
5.159
3.213
2.996
3.870
6.416
11.209
17.565
25.234
32.452
39.346
32.103
13.441
5.159
3.213
2.996
3.870
6.416
11.209
17.565
25.234
32.452
39.346
32.103
13.441
5.159
3.213
2.996
3.870
6.416
11.209
17.565
25.234
32.452
39.346
32.103
13.441
5.159
3.213
2.996
3.870
6.416
11.209
17.565
25.234
32.452
39.346
32.103
13.441
5.159
3.213
2.996
3.870
6.416
11.209
17.565
25.234
32.452
39.346
32.103
13.441
5.159
3.213
2.996
3.870
6.416
11.209
17.565
25.234
32.452
39.346
32.103
13.441
5.159
3.213
2.996
3.870
6.416
11.209
17.565
25.234
32.452
39.346
32.103
13.441
5.159
3.213
2.996
3.870
6.416
11.209
17.565
25.234
32.452
39.346
32.103
13.441
5.159
3.213
2.996
3.870
6.416
11.209
17.565
25.234
32.452
39.346
32.103
13.441
5.159
3.213
2.996
3.870
6.416
11.209
17.565
25.234
32.452
39.346
32.103
13.441
5.159
3.213
2.996
3.870
6.416
11.209
17.565
25.234
32.452
39.346
32.103
13.441
5.159
3.213
2.996
3.870
6.416
11.209
17.565
25.234
32.452
39.346
32.103
13.441
5.159
3.213
2.996
3.870
6.416
11.209
17.565
25.234
32.452
39.346
32.103
13.441
5.159
3.213
2.996
3.870
6.416
11.209
17.565
25.234
32.452
39.346
32.103
13.441
5.159
3.213
2.996
3.870
6.416
11.209
17.565
25.234
32.452
39.346
32.103
13.441
5.159
3.213
2.996
3.870
6.416
11.209
17.565
25.234
32.452
39.346
32.103
13.441
5.159
3.213
2.996
