6.254
11.085
17.073
22.362
20.426
12.657
9.883
7.453
3.535
1.980
2.145
3.627
6.254
11.085
17.073
22.362
20.426
12.657
9.883
7.453
3.535
1.980
2.145
3.627
6.254
11.085
17.073
22.362
20.426
12.657
9.883
7.453
3.535
1.980
2.145
3.627
6.254
11.085
17.073
22.362
20.426
12.657
9.883
7.453
3.535
1.980
2.145
3.627
6.254
11.085
17.073
22.362
20.426
12.657
9.883
7.453
3.535
1.980
2.145
3.627
6.254
11.085
17.073
22.362
20.426
12.657
9.883
7.453
3.535
1.980
2.145
3.627
6.254
11.085
17.073
22.362
20.426
12.657
9.883
7.453
3.535
1.980
2.145
3.627
6.254
11.085
17.073
22.362
20.426
12.657
9.883
7.453
3.535
1.980
2.145
3.627
6.254
11.085
17.073
22.362
20.426
12.657
9.883
7.453
3.535
1.980
2.145
3.627
6.254
11.085
17.073
22.362
20.426
12.657
9.883
7.453
3.535
1.980
2.145
3.627
6.254
11.085
17.073
22.362
20.426
12.657
9.883
7.453
3.535
1.980
2.145
3.627
6.254
11.085
17.073
22.362
20.426
12.657
9.883
7.453
3.535
1.980
2.145
3.627
6.254
11.085
17.073
22.362
20.426
12.657
9.883
7.453
3.535
1.980
2.145
3.627
6.254
11.085
17.073
22.362
20.426
12.657
9.883
7.453
3.535
1.980
2.145
3.627
6.254
11.085
17.073
22.362
20.426
12.657
9.883
7.453
3.535
1.980
2.145
3.627
6.254
11.085
17.073
22.362
20.426
12.657
9.883
7.453
3.535
1.980
2.145
3.627
6.254
11.085
17.073
22.362
20.426
12.657
9.883
7.453
3.535
1.980
2.145
3.627
6.254
11.085
17.073
22.362
20.426
12.657
9.883
7.453
3.535
1.980
2.145
3.627
6.254
11.085
17.073
22.362
20.426
12.657
9.883
7.453
3.535
1.980
2.145
3.627
6.254
11.085
17.073
22.362
20.426
12.657
9.883
7.453
3.535
1.980
2.145
3.627
6.254
11.085
17.073
22.362
20.426
12.657
9.883
7.453
3.535
1.980
2.145
3.627
6.254
11.085
17.073
22.362
20.426
12.657
9.883
7.453
3.535
1.980
2.145
3.627
6.254
11.085
17.073
22.362
20.426
12.657
9.883
7.453
3.535
1.980
2.145
3.627
6.254
11.085
17.073
22.362
20.426
12.657
9.883
7.453
3.535
1.980
2.145
3.627
6.254
11.085
17.073
22.362
20.426
12.657
9.883
7.453
3.535
1.980
2.145
3.627
6.254
11.085
17.073
22.362
20.426
12.657
9.883
7.453
3.535
1.980
2.145
3.627
6.254
11.085
17.073
22.362
20.426
12.657
9.883
7.453
3.535
1.980
2.145
3.627
6.254
11.085
17.073
22.362
20.426
12.657
9.883
7.453
3.535
1.980
2.145
3.627
6.254
11.085
17.073
22.362
20.426
12.657
9.883
7.453
3.535
1.980
2.145
3.627
6.254
11.085
17.073
22.362
20.426
12.657
9.883
7.453
3.535
1.980
2.145
3.627
