7.097
12.627
19.305
24.972
21.811
11.687
7.602
5.469
2.788
1.819
2.229
4.035
7.097
12.627
19.305
24.972
21.811
11.687
7.602
5.469
2.788
1.819
2.229
4.035
7.097
12.627
19.305
24.972
21.811
11.687
7.602
5.469
2.788
1.819
2.229
4.035
7.097
12.627
19.305
24.972
21.811
11.687
7.602
5.469
2.788
1.819
2.229
4.035
7.097
12.627
19.305
24.972
21.811
11.687
7.602
5.469
2.788
1.819
2.229
4.035
7.097
12.627
19.305
24.972
21.811
11.687
7.602
5.469
2.788
1.819
2.229
4.035
7.097
12.627
19.305
24.972
21.811
11.687
7.602
5.469
2.788
1.819
2.229
4.035
7.097
12.627
19.305
24.972
21.811
11.687
7.602
5.469
2.788
1.819
2.229
4.035
7.097
12.627
19.305
24.972
21.811
11.687
7.602
5.469
2.788
1.819
2.229
4.035
7.097
12.627
19.305
24.972
21.811
11.687
7.602
5.469
2.788
1.819
2.229
4.035
7.097
12.627
19.305
24.972
21.811
11.687
7.602
5.469
2.788
1.819
2.229
4.035
7.097
12.627
19.305
24.972
21.811
11.687
7.602
5.469
2.788
1.819
2.229
4.035
7.097
12.627
19.305
24.972
21.811
11.687
7.602
5.469
2.788
1.819
2.229
4.035
7.097
12.627
19.305
24.972
21.811
11.687
7.602
5.469
2.788
1.819
2.229
4.035
7.097
12.627
19.305
24.972
21.811
11.687
7.602
5.469
2.788
1.819
2.229
4.035
7.097
12.627
19.305
24.972
21.811
11.687
7.602
5.469
2.788
1.819
2.229
4.035
7.097
12.627
19.305
24.972
21.811
11.687
7.602
5.469
2.788
1.819
2.229
4.035
7.097
12.627
19.305
24.972
21.811
11.687
7.602
5.469
2.788
1.819
2.229
4.035
7.097
12.627
19.305
24.972
21.811
11.687
7.602
5.469
2.788
1.819
2.229
4.035
7.097
12.627
19.305
24.972
21.811
11.687
7.602
5.469
2.788
1.819
2.229
4.035
7.097
12.627
19.305
24.972
21.811
11.687
7.602
5.469
2.788
1.819
2.229
4.035
7.097
12.627
19.305
24.972
21.811
11.687
7.602
5.469
2.788
1.819
2.229
4.035
7.097
12.627
19.305
24.972
21.811
11.687
7.602
5.469
2.788
1.819
2.229
4.035
7.097
12.627
19.305
24.972
21.811
11.687
7.602
5.469
2.788
1.819
2.229
4.035
7.097
12.627
19.305
24.972
21.811
11.687
7.602
5.469
2.788
1.819
2.229
4.035
7.097
12.627
19.305
24.972
21.811
11.687
7.602
5.469
2.788
1.819
2.229
4.035
7.097
12.627
19.305
24.972
21.811
11.687
7.602
5.469
2.788
1.819
2.229
4.035
7.097
12.627
19.305
24.972
21.811
11.687
7.602
5.469
2.788
1.819
2.229
4.035
7.097
12.627
19.305
24.972
21.811
11.687
7.602
5.469
2.788
1.819
2.229
4.035
7.097
12.627
19.305
24.972
21.811
11.687
7.602
5.469
2.788
1.819
2.229
4.035
