9.895
17.656
26.841
34.390
28.966
13.474
6.794
4.477
2.599
2.085
2.891
5.539
9.895
17.656
26.841
34.390
28.966
13.474
6.794
4.477
2.599
2.085
2.891
5.539
9.895
17.656
26.841
34.390
28.966
13.474
6.794
4.477
2.599
2.085
2.891
5.539
9.895
17.656
26.841
34.390
28.966
13.474
6.794
4.477
2.599
2.085
2.891
5.539
9.895
17.656
26.841
34.390
28.966
13.474
6.794
4.477
2.599
2.085
2.891
5.539
9.895
17.656
26.841
34.390
28.966
13.474
6.794
4.477
2.599
2.085
2.891
5.539
9.895
17.656
26.841
34.390
28.966
13.474
6.794
4.477
2.599
2.085
2.891
5.539
9.895
17.656
26.841
34.390
28.966
13.474
6.794
4.477
2.599
2.085
2.891
5.539
9.895
17.656
26.841
34.390
28.966
13.474
6.794
4.477
2.599
2.085
2.891
5.539
9.895
17.656
26.841
34.390
28.966
13.474
6.794
4.477
2.599
2.085
2.891
5.539
9.895
17.656
26.841
34.390
28.966
13.474
6.794
4.477
2.599
2.085
2.891
5.539
9.895
17.656
26.841
34.390
28.966
13.474
6.794
4.477
2.599
2.085
2.891
5.539
9.895
17.656
26.841
34.390
28.966
13.474
6.794
4.477
2.599
2.085
2.891
5.539
9.895
17.656
26.841
34.390
28.966
13.474
6.794
4.477
2.599
2.085
2.891
5.539
9.895
17.656
26.841
34.390
28.966
13.474
6.794
4.477
2.599
2.085
2.891
5.539
9.895
17.656
26.841
34.390
28.966
13.474
6.794
4.477
2.599
2.085
2.891
5.539
9.895
17.656
26.841
34.390
28.966
13.474
6.794
4.477
2.599
2.085
2.891
5.539
9.895
17.656
26.841
34.390
28.966
13.474
6.794
4.477
2.599
2.085
2.891
5.539
9.895
17.656
26.841
34.390
28.966
13.474
6.794
4.477
2.599
2.085
2.891
5.539
9.895
17.656
26.841
34.390
28.966
13.474
6.794
4.477
2.599
2.085
2.891
5.539
9.895
17.656
26.841
34.390
28.966
13.474
6.794
4.477
2.599
2.085
2.891
5.539
9.895
17.656
26.841
34.390
28.966
13.474
6.794
4.477
2.599
2.085
2.891
5.539
9.895
17.656
26.841
34.390
28.966
13.474
6.794
4.477
2.599
2.085
2.891
5.539
9.895
17.656
26.841
34.390
28.966
13.474
6.794
4.477
2.599
2.085
2.891
5.539
9.895
17.656
26.841
34.390
28.966
13.474
6.794
4.477
2.599
2.085
2.891
5.539
9.895
17.656
26.841
34.390
28.966
13.474
6.794
4.477
2.599
2.085
2.891
5.539
9.895
17.656
26.841
34.390
28.966
13.474
6.794
4.477
2.599
2.085
2.891
5.539
9.895
17.656
26.841
34.390
28.966
13.474
6.794
4.477
2.599
2.085
2.891
5.539
9.895
17.656
26.841
34.390
28.966
13.474
6.794
4.477
2.599
2.085
2.891
5.539
9.895
17.656
26.841
34.390
28.966
13.474
6.794
4.477
2.599
2.085
2.891
5.539
