3.845
6.444
11.032
16.855
23.061
28.317
33.795
27.513
11.560
4.498
2.892
2.857
3.845
6.444
11.032
16.855
23.061
28.317
33.795
27.513
11.560
4.498
2.892
2.857
3.845
6.444
11.032
16.855
23.061
28.317
33.795
27.513
11.560
4.498
2.892
2.857
3.845
6.444
11.032
16.855
23.061
28.317
33.795
27.513
11.560
4.498
2.892
2.857
3.845
6.444
11.032
16.855
23.061
28.317
33.795
27.513
11.560
4.498
2.892
2.857
3.845
6.444
11.032
16.855
23.061
28.317
33.795
27.513
11.560
4.498
2.892
2.857
3.845
6.444
11.032
16.855
23.061
28.317
33.795
27.513
11.560
4.498
2.892
2.857
3.845
6.444
11.032
16.855
23.061
28.317
33.795
27.513
11.560
4.498
2.892
2.857
3.845
6.444
11.032
16.855
23.061
28.317
33.795
27.513
11.560
4.498
2.892
2.857
3.845
6.444
11.032
16.855
23.061
28.317
33.795
27.513
11.560
4.498
2.892
2.857
3.845
6.444
11.032
16.855
23.061
28.317
33.795
27.513
11.560
4.498
2.892
2.857
3.845
6.444
11.032
16.855
23.061
28.317
33.795
27.513
11.560
4.498
2.892
2.857
3.845
6.444
11.032
16.855
23.061
28.317
33.795
27.513
11.560
4.498
2.892
2.857
3.845
6.444
11.032
16.855
23.061
28.317
33.795
27.513
11.560
4.498
2.892
2.857
3.845
6.444
11.032
16.855
23.061
28.317
33.795
27.513
11.560
4.498
2.892
2.857
3.845
6.444
11.032
16.855
23.061
28.317
33.795
27.513
11.560
4.498
2.892
2.857
3.845
6.444
11.032
16.855
23.061
28.317
33.795
27.513
11.560
4.498
2.892
2.857
3.845
6.444
11.032
16.855
23.061
28.317
33.795
27.513
11.560
4.498
2.892
2.857
3.845
6.444
11.032
16.855
23.061
28.317
33.795
27.513
11.560
4.498
2.892
2.857
3.845
6.444
11.032
16.855
23.061
28.317
33.795
27.513
11.560
4.498
2.892
2.857
3.845
6.444
11.032
16.855
23.061
28.317
33.795
27.513
11.560
4.498
2.892
2.857
3.845
6.444
11.032
16.855
23.061
28.317
33.795
27.513
11.560
4.498
2.892
2.857
3.845
6.444
11.032
16.855
23.061
28.317
33.795
27.513
11.560
4.498
2.892
2.857
3.845
6.444
11.032
16.855
23.061
28.317
33.795
27.513
11.560
4.498
2.892
2.857
3.845
6.444
11.032
16.855
23.061
28.317
33.795
27.513
11.560
4.498
2.892
2.857
3.845
6.444
11.032
16.855
23.061
28.317
33.795
27.513
11.560
4.498
2.892
2.857
3.845
6.444
11.032
16.855
23.061
28.317
33.795
27.513
11.560
4.498
2.892
2.857
3.845
6.444
11.032
16.855
23.061
28.317
33.795
27.513
11.560
4.498
2.892
2.857
3.845
6.444
11.032
16.855
23.061
28.317
33.795
27.513
11.560
4.498
2.892
2.857
3.845
6.444
11.032
16.855
23.061
28.317
33.795
27.513
11.560
4.498
2.892
2.857
