2.483
4.327
6.883
9.488
10.173
9.062
9.372
7.467
3.249
1.431
1.161
1.563
2.483
4.327
6.883
9.488
10.173
9.062
9.372
7.467
3.249
1.431
1.161
1.563
2.483
4.327
6.883
9.488
10.173
9.062
9.372
7.467
3.249
1.431
1.161
1.563
2.483
4.327
6.883
9.488
10.173
9.062
9.372
7.467
3.249
1.431
1.161
1.563
2.483
4.327
6.883
9.488
10.173
9.062
9.372
7.467
3.249
1.431
1.161
1.563
2.483
4.327
6.883
9.488
10.173
9.062
9.372
7.467
3.249
1.431
1.161
1.563
2.483
4.327
6.883
9.488
10.173
9.062
9.372
7.467
3.249
1.431
1.161
1.563
2.483
4.327
6.883
9.488
10.173
9.062
9.372
7.467
3.249
1.431
1.161
1.563
2.483
4.327
6.883
9.488
10.173
9.062
9.372
7.467
3.249
1.431
1.161
1.563
2.483
4.327
6.883
9.488
10.173
9.062
9.372
7.467
3.249
1.431
1.161
1.563
2.483
4.327
6.883
9.488
10.173
9.062
9.372
7.467
3.249
1.431
1.161
1.563
2.483
4.327
6.883
9.488
10.173
9.062
9.372
7.467
3.249
1.431
1.161
1.563
2.483
4.327
6.883
9.488
10.173
9.062
9.372
7.467
3.249
1.431
1.161
1.563
2.483
4.327
6.883
9.488
10.173
9.062
9.372
7.467
3.249
1.431
1.161
1.563
2.483
4.327
6.883
9.488
10.173
9.062
9.372
7.467
3.249
1.431
1.161
1.563
2.483
4.327
6.883
9.488
10.173
9.062
9.372
7.467
3.249
1.431
1.161
1.563
2.483
4.327
6.883
9.488
10.173
9.062
9.372
7.467
3.249
1.431
1.161
1.563
2.483
4.327
6.883
9.488
10.173
9.062
9.372
7.467
3.249
1.431
1.161
1.563
2.483
4.327
6.883
9.488
10.173
9.062
9.372
7.467
3.249
1.431
1.161
1.563
2.483
4.327
6.883
9.488
10.173
9.062
9.372
7.467
3.249
1.431
1.161
1.563
2.483
4.327
6.883
9.488
10.173
9.062
9.372
7.467
3.249
1.431
1.161
1.563
2.483
4.327
6.883
9.488
10.173
9.062
9.372
7.467
3.249
1.431
1.161
1.563
2.483
4.327
6.883
9.488
10.173
9.062
9.372
7.467
3.249
1.431
1.161
1.563
2.483
4.327
6.883
9.488
10.173
9.062
9.372
7.467
3.249
1.431
1.161
1.563
2.483
4.327
6.883
9.488
10.173
9.062
9.372
7.467
3.249
1.431
1.161
1.563
2.483
4.327
6.883
9.488
10.173
9.062
9.372
7.467
3.249
1.431
1.161
1.563
2.483
4.327
6.883
9.488
10.173
9.062
9.372
7.467
3.249
1.431
1.161
1.563
2.483
4.327
6.883
9.488
10.173
9.062
9.372
7.467
3.249
1.431
1.161
1.563
2.483
4.327
6.883
9.488
10.173
9.062
9.372
7.467
3.249
1.431
1.161
1.563
2.483
4.327
6.883
9.488
10.173
9.062
9.372
7.467
3.249
1.431
1.161
1.563
