2.715
4.721
7.540
10.460
11.414
10.475
11.013
8.797
3.811
1.655
1.312
1.727
2.715
4.721
7.540
10.460
11.414
10.475
11.013
8.797
3.811
1.655
1.312
1.727
2.715
4.721
7.540
10.460
11.414
10.475
11.013
8.797
3.811
1.655
1.312
1.727
2.715
4.721
7.540
10.460
11.414
10.475
11.013
8.797
3.811
1.655
1.312
1.727
2.715
4.721
7.540
10.460
11.414
10.475
11.013
8.797
3.811
1.655
1.312
1.727
2.715
4.721
7.540
10.460
11.414
10.475
11.013
8.797
3.811
1.655
1.312
1.727
2.715
4.721
7.540
10.460
11.414
10.475
11.013
8.797
3.811
1.655
1.312
1.727
2.715
4.721
7.540
10.460
11.414
10.475
11.013
8.797
3.811
1.655
1.312
1.727
2.715
4.721
7.540
10.460
11.414
10.475
11.013
8.797
3.811
1.655
1.312
1.727
2.715
4.721
7.540
10.460
11.414
10.475
11.013
8.797
3.811
1.655
1.312
1.727
2.715
4.721
7.540
10.460
11.414
10.475
11.013
8.797
3.811
1.655
1.312
1.727
2.715
4.721
7.540
10.460
11.414
10.475
11.013
8.797
3.811
1.655
1.312
1.727
2.715
4.721
7.540
10.460
11.414
10.475
11.013
8.797
3.811
1.655
1.312
1.727
2.715
4.721
7.540
10.460
11.414
10.475
11.013
8.797
3.811
1.655
1.312
1.727
2.715
4.721
7.540
10.460
11.414
10.475
11.013
8.797
3.811
1.655
1.312
1.727
2.715
4.721
7.540
10.460
11.414
10.475
11.013
8.797
3.811
1.655
1.312
1.727
2.715
4.721
7.540
10.460
11.414
10.475
11.013
8.797
3.811
1.655
1.312
1.727
2.715
4.721
7.540
10.460
11.414
10.475
11.013
8.797
3.811
1.655
1.312
1.727
2.715
4.721
7.540
10.460
11.414
10.475
11.013
8.797
3.811
1.655
1.312
1.727
2.715
4.721
7.540
10.460
11.414
10.475
11.013
8.797
3.811
1.655
1.312
1.727
2.715
4.721
7.540
10.460
11.414
10.475
11.013
8.797
3.811
1.655
1.312
1.727
2.715
4.721
7.540
10.460
11.414
10.475
11.013
8.797
3.811
1.655
1.312
1.727
2.715
4.721
7.540
10.460
11.414
10.475
11.013
8.797
3.811
1.655
1.312
1.727
2.715
4.721
7.540
10.460
11.414
10.475
11.013
8.797
3.811
1.655
1.312
1.727
2.715
4.721
7.540
10.460
11.414
10.475
11.013
8.797
3.811
1.655
1.312
1.727
2.715
4.721
7.540
10.460
11.414
10.475
11.013
8.797
3.811
1.655
1.312
1.727
2.715
4.721
7.540
10.460
11.414
10.475
11.013
8.797
3.811
1.655
1.312
1.727
2.715
4.721
7.540
10.460
11.414
10.475
11.013
8.797
3.811
1.655
1.312
1.727
2.715
4.721
7.540
10.460
11.414
10.475
11.013
8.797
3.811
1.655
1.312
1.727
2.715
4.721
7.540
10.460
11.414
10.475
11.013
8.797
3.811
1.655
1.312
1.727
