4.305
7.611
11.782
15.564
14.632
9.828
8.308
6.376
2.943
1.541
1.562
2.531
4.305
7.611
11.782
15.564
14.632
9.828
8.308
6.376
2.943
1.541
1.562
2.531
4.305
7.611
11.782
15.564
14.632
9.828
8.308
6.376
2.943
1.541
1.562
2.531
4.305
7.611
11.782
15.564
14.632
9.828
8.308
6.376
2.943
1.541
1.562
2.531
4.305
7.611
11.782
15.564
14.632
9.828
8.308
6.376
2.943
1.541
1.562
2.531
4.305
7.611
11.782
15.564
14.632
9.828
8.308
6.376
2.943
1.541
1.562
2.531
4.305
7.611
11.782
15.564
14.632
9.828
8.308
6.376
2.943
1.541
1.562
2.531
4.305
7.611
11.782
15.564
14.632
9.828
8.308
6.376
2.943
1.541
1.562
2.531
4.305
7.611
11.782
15.564
14.632
9.828
8.308
6.376
2.943
1.541
1.562
2.531
4.305
7.611
11.782
15.564
14.632
9.828
8.308
6.376
2.943
1.541
1.562
2.531
4.305
7.611
11.782
15.564
14.632
9.828
8.308
6.376
2.943
1.541
1.562
2.531
4.305
7.611
11.782
15.564
14.632
9.828
8.308
6.376
2.943
1.541
1.562
2.531
4.305
7.611
11.782
15.564
14.632
9.828
8.308
6.376
2.943
1.541
1.562
2.531
4.305
7.611
11.782
15.564
14.632
9.828
8.308
6.376
2.943
1.541
1.562
2.531
4.305
7.611
11.782
15.564
14.632
9.828
8.308
6.376
2.943
1.541
1.562
2.531
4.305
7.611
11.782
15.564
14.632
9.828
8.308
6.376
2.943
1.541
1.562
2.531
4.305
7.611
11.782
15.564
14.632
9.828
8.308
6.376
2.943
1.541
1.562
2.531
4.305
7.611
11.782
15.564
14.632
9.828
8.308
6.376
2.943
1.541
1.562
2.531
4.305
7.611
11.782
15.564
14.632
9.828
8.308
6.376
2.943
1.541
1.562
2.531
4.305
7.611
11.782
15.564
14.632
9.828
8.308
6.376
2.943
1.541
1.562
2.531
4.305
7.611
11.782
15.564
14.632
9.828
8.308
6.376
2.943
1.541
1.562
2.531
4.305
7.611
11.782
15.564
14.632
9.828
8.308
6.376
2.943
1.541
1.562
2.531
4.305
7.611
11.782
15.564
14.632
9.828
8.308
6.376
2.943
1.541
1.562
2.531
4.305
7.611
11.782
15.564
14.632
9.828
8.308
6.376
2.943
1.541
1.562
2.531
4.305
7.611
11.782
15.564
14.632
9.828
8.308
6.376
2.943
1.541
1.562
2.531
4.305
7.611
11.782
15.564
14.632
9.828
8.308
6.376
2.943
1.541
1.562
2.531
4.305
7.611
11.782
15.564
14.632
9.828
8.308
6.376
2.943
1.541
1.562
2.531
4.305
7.611
11.782
15.564
14.632
9.828
8.308
6.376
2.943
1.541
1.562
2.531
4.305
7.611
11.782
15.564
14.632
9.828
8.308
6.376
2.943
1.541
1.562
2.531
4.305
7.611
11.782
15.564
14.632
9.828
8.308
6.376
2.943
1.541
1.562
2.531
