1.285
2.013
3.890
6.813
11.698
17.266
21.825
17.907
7.430
2.750
1.564
1.193
1.285
2.013
3.890
6.813
11.698
17.266
21.825
17.907
7.430
2.750
1.564
1.193
1.285
2.013
3.890
6.813
11.698
17.266
21.825
17.907
7.430
2.750
1.564
1.193
1.285
2.013
3.890
6.813
11.698
17.266
21.825
17.907
7.430
2.750
1.564
1.193
1.285
2.013
3.890
6.813
11.698
17.266
21.825
17.907
7.430
2.750
1.564
1.193
1.285
2.013
3.890
6.813
11.698
17.266
21.825
17.907
7.430
2.750
1.564
1.193
1.285
2.013
3.890
6.813
11.698
17.266
21.825
17.907
7.430
2.750
1.564
1.193
1.285
2.013
3.890
6.813
11.698
17.266
21.825
17.907
7.430
2.750
1.564
1.193
1.285
2.013
3.890
6.813
11.698
17.266
21.825
17.907
7.430
2.750
1.564
1.193
1.285
2.013
3.890
6.813
11.698
17.266
21.825
17.907
7.430
2.750
1.564
1.193
1.285
2.013
3.890
6.813
11.698
17.266
21.825
17.907
7.430
2.750
1.564
1.193
1.285
2.013
3.890
6.813
11.698
17.266
21.825
17.907
7.430
2.750
1.564
1.193
1.285
2.013
3.890
6.813
11.698
17.266
21.825
17.907
7.430
2.750
1.564
1.193
1.285
2.013
3.890
6.813
11.698
17.266
21.825
17.907
7.430
2.750
1.564
1.193
1.285
2.013
3.890
6.813
11.698
17.266
21.825
17.907
7.430
2.750
1.564
1.193
1.285
2.013
3.890
6.813
11.698
17.266
21.825
17.907
7.430
2.750
1.564
1.193
1.285
2.013
3.890
6.813
11.698
17.266
21.825
17.907
7.430
2.750
1.564
1.193
1.285
2.013
3.890
6.813
11.698
17.266
21.825
17.907
7.430
2.750
1.564
1.193
1.285
2.013
3.890
6.813
11.698
17.266
21.825
17.907
7.430
2.750
1.564
1.193
1.285
2.013
3.890
6.813
11.698
17.266
21.825
17.907
7.430
2.750
1.564
1.193
1.285
2.013
3.890
6.813
11.698
17.266
21.825
17.907
7.430
2.750
1.564
1.193
1.285
2.013
3.890
6.813
11.698
17.266
21.825
17.907
7.430
2.750
1.564
1.193
1.285
2.013
3.890
6.813
11.698
17.266
21.825
17.907
7.430
2.750
1.564
1.193
1.285
2.013
3.890
6.813
11.698
17.266
21.825
17.907
7.430
2.750
1.564
1.193
1.285
2.013
3.890
6.813
11.698
17.266
21.825
17.907
7.430
2.750
1.564
1.193
1.285
2.013
3.890
6.813
11.698
17.266
21.825
17.907
7.430
2.750
1.564
1.193
1.285
2.013
3.890
6.813
11.698
17.266
21.825
17.907
7.430
2.750
1.564
1.193
1.285
2.013
3.890
6.813
11.698
17.266
21.825
17.907
7.430
2.750
1.564
1.193
1.285
2.013
3.890
6.813
11.698
17.266
21.825
17.907
7.430
2.750
1.564
1.193
1.285
2.013
3.890
6.813
11.698
17.266
21.825
17.907
7.430
2.750
1.564
1.193
