5.191
9.029
14.419
19.999
21.814
20.006
21.027
16.795
7.277
3.161
2.508
3.301
5.191
9.029
14.419
19.999
21.814
20.006
21.027
16.795
7.277
3.161
2.508
3.301
5.191
9.029
14.419
19.999
21.814
20.006
21.027
16.795
7.277
3.161
2.508
3.301
5.191
9.029
14.419
19.999
21.814
20.006
21.027
16.795
7.277
3.161
2.508
3.301
5.191
9.029
14.419
19.999
21.814
20.006
21.027
16.795
7.277
3.161
2.508
3.301
5.191
9.029
14.419
19.999
21.814
20.006
21.027
16.795
7.277
3.161
2.508
3.301
5.191
9.029
14.419
19.999
21.814
20.006
21.027
16.795
7.277
3.161
2.508
3.301
5.191
9.029
14.419
19.999
21.814
20.006
21.027
16.795
7.277
3.161
2.508
3.301
5.191
9.029
14.419
19.999
21.814
20.006
21.027
16.795
7.277
3.161
2.508
3.301
5.191
9.029
14.419
19.999
21.814
20.006
21.027
16.795
7.277
3.161
2.508
3.301
5.191
9.029
14.419
19.999
21.814
20.006
21.027
16.795
7.277
3.161
2.508
3.301
5.191
9.029
14.419
19.999
21.814
20.006
21.027
16.795
7.277
3.161
2.508
3.301
5.191
9.029
14.419
19.999
21.814
20.006
21.027
16.795
7.277
3.161
2.508
3.301
5.191
9.029
14.419
19.999
21.814
20.006
21.027
16.795
7.277
3.161
2.508
3.301
5.191
9.029
14.419
19.999
21.814
20.006
21.027
16.795
7.277
3.161
2.508
3.301
5.191
9.029
14.419
19.999
21.814
20.006
21.027
16.795
7.277
3.161
2.508
3.301
5.191
9.029
14.419
19.999
21.814
20.006
21.027
16.795
7.277
3.161
2.508
3.301
5.191
9.029
14.419
19.999
21.814
20.006
21.027
16.795
7.277
3.161
2.508
3.301
5.191
9.029
14.419
19.999
21.814
20.006
21.027
16.795
7.277
3.161
2.508
3.301
5.191
9.029
14.419
19.999
21.814
20.006
21.027
16.795
7.277
3.161
2.508
3.301
5.191
9.029
14.419
19.999
21.814
20.006
21.027
16.795
7.277
3.161
2.508
3.301
5.191
9.029
14.419
19.999
21.814
20.006
21.027
16.795
7.277
3.161
2.508
3.301
5.191
9.029
14.419
19.999
21.814
20.006
21.027
16.795
7.277
3.161
2.508
3.301
5.191
9.029
14.419
19.999
21.814
20.006
21.027
16.795
7.277
3.161
2.508
3.301
5.191
9.029
14.419
19.999
21.814
20.006
21.027
16.795
7.277
3.161
2.508
3.301
5.191
9.029
14.419
19.999
21.814
20.006
21.027
16.795
7.277
3.161
2.508
3.301
5.191
9.029
14.419
19.999
21.814
20.006
21.027
16.795
7.277
3.161
2.508
3.301
5.191
9.029
14.419
19.999
21.814
20.006
21.027
16.795
7.277
3.161
2.508
3.301
5.191
9.029
14.419
19.999
21.814
20.006
21.027
16.795
7.277
3.161
2.508
3.301
5.191
9.029
14.419
19.999
21.814
20.006
21.027
16.795
7.277
3.161
2.508
3.301
