2.824
4.745
8.085
12.279
16.598
20.135
23.926
19.467
8.187
3.198
2.073
2.078
2.824
4.745
8.085
12.279
16.598
20.135
23.926
19.467
8.187
3.198
2.073
2.078
2.824
4.745
8.085
12.279
16.598
20.135
23.926
19.467
8.187
3.198
2.073
2.078
2.824
4.745
8.085
12.279
16.598
20.135
23.926
19.467
8.187
3.198
2.073
2.078
2.824
4.745
8.085
12.279
16.598
20.135
23.926
19.467
8.187
3.198
2.073
2.078
2.824
4.745
8.085
12.279
16.598
20.135
23.926
19.467
8.187
3.198
2.073
2.078
2.824
4.745
8.085
12.279
16.598
20.135
23.926
19.467
8.187
3.198
2.073
2.078
2.824
4.745
8.085
12.279
16.598
20.135
23.926
19.467
8.187
3.198
2.073
2.078
2.824
4.745
8.085
12.279
16.598
20.135
23.926
19.467
8.187
3.198
2.073
2.078
2.824
4.745
8.085
12.279
16.598
20.135
23.926
19.467
8.187
3.198
2.073
2.078
2.824
4.745
8.085
12.279
16.598
20.135
23.926
19.467
8.187
3.198
2.073
2.078
2.824
4.745
8.085
12.279
16.598
20.135
23.926
19.467
8.187
3.198
2.073
2.078
2.824
4.745
8.085
12.279
16.598
20.135
23.926
19.467
8.187
3.198
2.073
2.078
2.824
4.745
8.085
12.279
16.598
20.135
23.926
19.467
8.187
3.198
2.073
2.078
2.824
4.745
8.085
12.279
16.598
20.135
23.926
19.467
8.187
3.198
2.073
2.078
2.824
4.745
8.085
12.279
16.598
20.135
23.926
19.467
8.187
3.198
2.073
2.078
2.824
4.745
8.085
12.279
16.598
20.135
23.926
19.467
8.187
3.198
2.073
2.078
2.824
4.745
8.085
12.279
16.598
20.135
23.926
19.467
8.187
3.198
2.073
2.078
2.824
4.745
8.085
12.279
16.598
20.135
23.926
19.467
8.187
3.198
2.073
2.078
2.824
4.745
8.085
12.279
16.598
20.135
23.926
19.467
8.187
3.198
2.073
2.078
2.824
4.745
8.085
12.279
16.598
20.135
23.926
19.467
8.187
3.198
2.073
2.078
2.824
4.745
8.085
12.279
16.598
20.135
23.926
19.467
8.187
3.198
2.073
2.078
2.824
4.745
8.085
12.279
16.598
20.135
23.926
19.467
8.187
3.198
2.073
2.078
2.824
4.745
8.085
12.279
16.598
20.135
23.926
19.467
8.187
3.198
2.073
2.078
2.824
4.745
8.085
12.279
16.598
20.135
23.926
19.467
8.187
3.198
2.073
2.078
2.824
4.745
8.085
12.279
16.598
20.135
23.926
19.467
8.187
3.198
2.073
2.078
2.824
4.745
8.085
12.279
16.598
20.135
23.926
19.467
8.187
3.198
2.073
2.078
2.824
4.745
8.085
12.279
16.598
20.135
23.926
19.467
8.187
3.198
2.073
2.078
2.824
4.745
8.085
12.279
16.598
20.135
23.926
19.467
8.187
3.198
2.073
2.078
2.824
4.745
8.085
12.279
16.598
20.135
23.926
19.467
8.187
3.198
2.073
2.078
