2.713
4.464
7.903
12.583
18.606
24.545
30.007
24.510
10.243
3.903
2.390
2.155
2.713
4.464
7.903
12.583
18.606
24.545
30.007
24.510
10.243
3.903
2.390
2.155
2.713
4.464
7.903
12.583
18.606
24.545
30.007
24.510
10.243
3.903
2.390
2.155
2.713
4.464
7.903
12.583
18.606
24.545
30.007
24.510
10.243
3.903
2.390
2.155
2.713
4.464
7.903
12.583
18.606
24.545
30.007
24.510
10.243
3.903
2.390
2.155
2.713
4.464
7.903
12.583
18.606
24.545
30.007
24.510
10.243
3.903
2.390
2.155
2.713
4.464
7.903
12.583
18.606
24.545
30.007
24.510
10.243
3.903
2.390
2.155
2.713
4.464
7.903
12.583
18.606
24.545
30.007
24.510
10.243
3.903
2.390
2.155
2.713
4.464
7.903
12.583
18.606
24.545
30.007
24.510
10.243
3.903
2.390
2.155
2.713
4.464
7.903
12.583
18.606
24.545
30.007
24.510
10.243
3.903
2.390
2.155
2.713
4.464
7.903
12.583
18.606
24.545
30.007
24.510
10.243
3.903
2.390
2.155
2.713
4.464
7.903
12.583
18.606
24.545
30.007
24.510
10.243
3.903
2.390
2.155
2.713
4.464
7.903
12.583
18.606
24.545
30.007
24.510
10.243
3.903
2.390
2.155
2.713
4.464
7.903
12.583
18.606
24.545
30.007
24.510
10.243
3.903
2.390
2.155
2.713
4.464
7.903
12.583
18.606
24.545
30.007
24.510
10.243
3.903
2.390
2.155
2.713
4.464
7.903
12.583
18.606
24.545
30.007
24.510
10.243
3.903
2.390
2.155
2.713
4.464
7.903
12.583
18.606
24.545
30.007
24.510
10.243
3.903
2.390
2.155
2.713
4.464
7.903
12.583
18.606
24.545
30.007
24.510
10.243
3.903
2.390
2.155
2.713
4.464
7.903
12.583
18.606
24.545
30.007
24.510
10.243
3.903
2.390
2.155
2.713
4.464
7.903
12.583
18.606
24.545
30.007
24.510
10.243
3.903
2.390
2.155
2.713
4.464
7.903
12.583
18.606
24.545
30.007
24.510
10.243
3.903
2.390
2.155
2.713
4.464
7.903
12.583
18.606
24.545
30.007
24.510
10.243
3.903
2.390
2.155
2.713
4.464
7.903
12.583
18.606
24.545
30.007
24.510
10.243
3.903
2.390
2.155
2.713
4.464
7.903
12.583
18.606
24.545
30.007
24.510
10.243
3.903
2.390
2.155
2.713
4.464
7.903
12.583
18.606
24.545
30.007
24.510
10.243
3.903
2.390
2.155
2.713
4.464
7.903
12.583
18.606
24.545
30.007
24.510
10.243
3.903
2.390
2.155
2.713
4.464
7.903
12.583
18.606
24.545
30.007
24.510
10.243
3.903
2.390
2.155
2.713
4.464
7.903
12.583
18.606
24.545
30.007
24.510
10.243
3.903
2.390
2.155
2.713
4.464
7.903
12.583
18.606
24.545
30.007
24.510
10.243
3.903
2.390
2.155
2.713
4.464
7.903
12.583
18.606
24.545
30.007
24.510
10.243
3.903
2.390
2.155
